   3.0136697e+01
   3.6594917e+01
   2.3286913e+01
   3.1147989e+01
   2.9918568e+01
   3.2430708e+01
   3.5308339e+01
   2.8455499e+01
   3.5666684e+01
   2.9386153e+01
   2.7518483e+01
   2.3791235e+01
   2.5470602e+01
   3.0786656e+01
   2.5815628e+01
   2.5830071e+01
   2.4968892e+01
   2.5531088e+01
   2.9913085e+01
   2.8129504e+01
   3.2043303e+01
   2.8986341e+01
   3.0568168e+01
   3.3995971e+01
   2.4097786e+01
   3.2161843e+01
   2.9042383e+01
   3.4194762e+01
   3.9360541e+01
   2.5768971e+01
   2.7270301e+01
   2.6671873e+01
   2.7222025e+01
   2.4080545e+01
   2.4949580e+01
   2.5228558e+01
   2.7195496e+01
   2.0544903e+01
   2.5100030e+01
   2.8187179e+01
   2.7496088e+01
   3.2516085e+01
   3.1047743e+01
   2.8069697e+01
   3.1068136e+01
   2.3340823e+01
   2.6181409e+01
   2.6179928e+01
   2.7102588e+01
   3.2844046e+01
   3.1212471e+01
   2.9587277e+01
   2.8477357e+01
   2.5607797e+01
   2.8713714e+01
   2.6018499e+01
   2.5485559e+01
   3.2320797e+01
   2.7311313e+01
   2.4673397e+01
   2.8930291e+01
   2.9029582e+01
   3.1170400e+01
   2.9353381e+01
   2.7628138e+01
   2.4803137e+01
   3.0645366e+01
   2.7388969e+01
   2.6032176e+01
   3.3157596e+01
   2.5967764e+01
   2.7468763e+01
   3.3282377e+01
   3.0740852e+01
   3.1547848e+01
   3.6221489e+01
   2.5717005e+01
   3.2126826e+01
   2.8132792e+01
   2.9450229e+01
   2.3194574e+01
   2.2314598e+01
   2.9326645e+01
   2.2116570e+01
   3.0501661e+01
   3.1486093e+01
   3.1449239e+01
   2.8352142e+01
   2.7417233e+01
   2.7836780e+01
   2.7591208e+01
   3.0313382e+01
   2.4723525e+01
   2.4532682e+01
   3.2369209e+01
   2.8202798e+01
   3.0299768e+01
   2.8762303e+01
   2.6146425e+01
   2.4635421e+01
   2.8528689e+01
   2.6933107e+01
   3.8390493e+01
   2.8107670e+01
   3.0631319e+01
   2.4978904e+01
   3.3360668e+01
   2.6849489e+01
   2.6985067e+01
   3.2438381e+01
   3.7180049e+01
   3.0080444e+01
   2.9571866e+01
   2.6597855e+01
   2.7568213e+01
   3.2970573e+01
   2.4846269e+01
   2.4111812e+01
   2.6161948e+01
   1.9556547e+01
   2.9779213e+01
   2.8685140e+01
   3.0479633e+01
   3.9474724e+01
   2.4341469e+01
   2.4114530e+01
   2.8878696e+01
   3.1431726e+01
   3.0919662e+01
   3.0692637e+01
   2.7857160e+01
   2.8154122e+01
   3.5955622e+01
   2.6727315e+01
   3.0281832e+01
   2.3277358e+01
   2.9275144e+01
   2.4584721e+01
   2.3297670e+01
   2.8372267e+01
   2.8601775e+01
   2.6841720e+01
   2.4068751e+01
   2.6710781e+01
   3.4633243e+01
   2.6486708e+01
   3.8211665e+01
   3.3954052e+01
   2.6652906e+01
   3.0567427e+01
   2.5911843e+01
   3.1508181e+01
   2.0922061e+01
   2.7175164e+01
   2.4146162e+01
   3.0094268e+01
   2.4890734e+01
   2.9237397e+01
   3.2420420e+01
   2.5102102e+01
   2.8564125e+01
   2.6084465e+01
   2.6205360e+01
   3.1523161e+01
   2.5206835e+01
   2.8756981e+01
   3.1014738e+01
   3.1043302e+01
   2.9967928e+01
   2.7526918e+01
   2.9948647e+01
   2.6633969e+01
   2.6177920e+01
   3.8601052e+01
   3.0249574e+01
   2.4891162e+01
   2.6836945e+01
   3.7242944e+01
   2.6711119e+01
   2.3008912e+01
   2.7640571e+01
   2.7012482e+01
   2.7251247e+01
   2.8102752e+01
   2.7139773e+01
   3.3176521e+01
   2.7077355e+01
   2.8447648e+01
   2.9447615e+01
   2.6370037e+01
   2.2968325e+01
   3.5718443e+01
   2.8669645e+01
   2.0737932e+01
   2.3934228e+01
   3.2895100e+01
   2.8448897e+01
   2.6463351e+01
   2.3646543e+01
   2.7894907e+01
   2.3972969e+01
   2.8239296e+01
   2.8258442e+01
   3.1370573e+01
   2.7197747e+01
   3.3346919e+01
   2.7308119e+01
   2.3998078e+01
   2.8287044e+01
   3.0167854e+01
   2.4616904e+01
   2.8140012e+01
   3.1083524e+01
   2.9652397e+01
   2.5842209e+01
   2.4508270e+01
   3.4429614e+01
   3.4275326e+01
   2.5377165e+01
   2.6970959e+01
   2.2450003e+01
   2.4302614e+01
   2.5496086e+01
   2.6991049e+01
   2.6860472e+01
   2.8715187e+01
   2.8098123e+01
   3.1073358e+01
   3.0266046e+01
   2.0535884e+01
   3.0589825e+01
   2.1557674e+01
   2.5581730e+01
   2.5644328e+01
   3.2186624e+01
   2.7126860e+01
   2.8643148e+01
   2.8298235e+01
   2.8660158e+01
   3.0815867e+01
   2.7040140e+01
   2.5915344e+01
   2.7675827e+01
   2.7966836e+01
   2.5236137e+01
   3.4554701e+01
   2.2841193e+01
   2.5813974e+01
   2.5956243e+01
   3.1928172e+01
   2.5953248e+01
   2.3486498e+01
   3.3312433e+01
   3.3152606e+01
   2.7476731e+01
   2.5101885e+01
   2.1858155e+01
   2.8145468e+01
   3.3047340e+01
   3.0663136e+01
   3.2720371e+01
   2.9307934e+01
   3.0067673e+01
   2.5116203e+01
   2.6208835e+01
   2.8342978e+01
   3.8485809e+01
   2.1750605e+01
   2.3376837e+01
   2.8866535e+01
   2.9879018e+01
   2.6000636e+01
   2.7944682e+01
   2.6658193e+01
   2.4530100e+01
   3.1174699e+01
   2.4324147e+01
   3.0666585e+01
   2.9526221e+01
   3.1597602e+01
   3.6063922e+01
   2.9145442e+01
   2.2522758e+01
   2.2219076e+01
   2.5528699e+01
   2.5209431e+01
   2.8177168e+01
   3.0032360e+01
   2.7524372e+01
   2.6464973e+01
   3.0493730e+01
   2.6781974e+01
   3.2820492e+01
   2.6165655e+01
   2.6352405e+01
   2.2487467e+01
   2.7401143e+01
   2.6921884e+01
   2.6937045e+01
   2.5200854e+01
