   7.5560907e-01
   9.1574531e-01
   6.6274593e-01
   8.5557907e-01
   7.9301947e-01
   7.9086251e-01
   8.9084210e-01
   8.1566143e-01
   9.2452395e-01
   8.6673165e-01
   7.5881881e-01
   5.5604879e-01
   6.7118355e-01
   8.3551153e-01
   7.4543371e-01
   6.8966224e-01
   7.4339703e-01
   7.4454565e-01
   8.4827644e-01
   7.8806422e-01
   8.9908330e-01
   8.7345611e-01
   8.5505872e-01
   8.9818223e-01
   4.7055885e-01
   8.4231520e-01
   8.3628937e-01
   9.1864850e-01
   9.6073923e-01
   6.8188568e-01
   7.0483176e-01
   6.6449606e-01
   7.6391382e-01
   7.2345775e-01
   7.5354376e-01
   7.5210780e-01
   7.3885070e-01
   5.6493006e-01
   7.6023145e-01
   8.0736072e-01
   8.0346170e-01
   8.9131132e-01
   8.6032549e-01
   7.1062479e-01
   8.7264017e-01
   6.5156596e-01
   7.5817414e-01
   6.9445084e-01
   7.7081411e-01
   8.7683014e-01
   8.2609554e-01
   8.1460555e-01
   8.2903922e-01
   8.3676761e-01
   7.2459426e-01
   7.5122577e-01
   6.3746659e-01
   8.6680947e-01
   7.8967867e-01
   5.7410533e-01
   7.7387758e-01
   8.5145769e-01
   8.1327221e-01
   8.3918307e-01
   7.9874401e-01
   6.6028176e-01
   8.3545561e-01
   7.8617991e-01
   7.4755258e-01
   8.8850527e-01
   6.9698353e-01
   7.5845261e-01
   8.9416880e-01
   8.0234042e-01
   8.4698365e-01
   9.2309545e-01
   7.7763991e-01
   8.7629529e-01
   8.1589006e-01
   8.2919963e-01
   7.7995631e-01
   7.3249602e-01
   8.2663622e-01
   5.6313712e-01
   7.3622227e-01
   8.8410058e-01
   8.3660324e-01
   7.0964042e-01
   7.3955294e-01
   7.1855399e-01
   7.8073173e-01
   8.6248727e-01
   7.5654774e-01
   7.3361172e-01
   8.3803613e-01
   7.5423656e-01
   8.1349478e-01
   7.6256096e-01
   7.7706026e-01
   6.7786284e-01
   7.6112551e-01
   6.9998968e-01
   9.4944080e-01
   7.2912843e-01
   8.6606047e-01
   7.3872254e-01
   8.9910306e-01
   7.3281669e-01
   7.8724231e-01
   8.9366566e-01
   9.3945286e-01
   7.9731099e-01
   8.2954152e-01
   7.4565260e-01
   7.7669178e-01
   9.0103770e-01
   6.8579890e-01
   5.9845364e-01
   7.9887730e-01
   6.0922320e-01
   8.5463047e-01
   7.8845085e-01
   8.0936763e-01
   9.3545523e-01
   6.0357584e-01
   6.7299668e-01
   6.2052181e-01
   7.3336601e-01
   8.6472249e-01
   8.0760939e-01
   6.9231439e-01
   6.5315895e-01
   8.9605241e-01
   7.1192275e-01
   8.6024282e-01
   4.7822974e-01
   7.9188635e-01
   6.6344182e-01
   6.0644991e-01
   7.1543859e-01
   7.9650046e-01
   8.0911621e-01
   5.0676378e-01
   7.3907183e-01
   9.2843284e-01
   7.6120165e-01
   9.4337026e-01
   9.1233167e-01
   6.9707814e-01
   8.4400606e-01
   7.2061913e-01
   8.5184803e-01
   5.9039688e-01
   7.5247963e-01
   7.5490716e-01
   8.0925453e-01
   7.3368104e-01
   7.5830643e-01
   8.2322824e-01
   7.0410118e-01
   7.5685611e-01
   6.3122750e-01
   6.6488100e-01
   8.8266461e-01
   6.4094914e-01
   8.6716051e-01
   9.1942442e-01
   8.6976011e-01
   8.1019760e-01
   7.3096156e-01
   8.1701926e-01
   7.2819818e-01
   6.5567264e-01
   9.2619681e-01
   7.9452571e-01
   6.7134184e-01
   8.1622850e-01
   9.2910700e-01
   8.0223140e-01
   6.7145624e-01
   7.8760075e-01
   8.0604254e-01
   7.9791251e-01
   7.7023543e-01
   7.2072906e-01
   9.0437712e-01
   7.5050830e-01
   7.6658758e-01
   8.6116967e-01
   7.1772354e-01
   7.3437638e-01
   8.6970766e-01
   8.3857939e-01
   6.1581732e-01
   6.9709484e-01
   8.8331020e-01
   7.1867899e-01
   6.6870181e-01
   6.6497429e-01
   8.2499196e-01
   5.8548498e-01
   7.9936909e-01
   8.3471262e-01
   8.6206425e-01
   7.4626189e-01
   8.9354823e-01
   7.6198976e-01
   6.3806010e-01
   8.0370765e-01
   8.2169984e-01
   7.1236127e-01
   7.3402971e-01
   8.3779093e-01
   8.2135128e-01
   7.0989211e-01
   7.1725095e-01
   8.9423367e-01
   9.0766900e-01
   7.0444818e-01
   8.0081382e-01
   6.4628859e-01
   6.6163141e-01
   6.1690566e-01
   7.7653401e-01
   7.7269761e-01
   8.6962493e-01
   7.4897607e-01
   8.3952315e-01
   8.5117698e-01
   5.5546913e-01
   8.3092481e-01
   4.8476079e-01
   6.8616076e-01
   7.9671848e-01
   8.5503551e-01
   7.3723063e-01
   5.6540335e-01
   7.4273265e-01
   7.5343193e-01
   8.4992553e-01
   7.4333047e-01
   7.2193235e-01
   7.7270646e-01
   8.4683497e-01
   6.9762115e-01
   8.8111661e-01
   6.2411820e-01
   6.7833716e-01
   8.0101884e-01
   8.3282857e-01
   6.7351854e-01
   7.3681410e-01
   8.4943331e-01
   8.2226006e-01
   7.5410774e-01
   6.6294936e-01
   4.8120328e-01
   7.5677141e-01
   8.3013684e-01
   7.8495887e-01
   8.3469519e-01
   7.9533345e-01
   9.0127304e-01
   7.0982677e-01
   6.4237426e-01
   8.0109649e-01
   9.5491591e-01
   6.2161868e-01
   6.7623011e-01
   7.9569828e-01
   7.7166732e-01
   6.2877089e-01
   6.5283644e-01
   7.1846549e-01
   6.8782656e-01
   8.0352975e-01
   5.4844982e-01
   8.2881082e-01
   8.6097179e-01
   8.6913798e-01
   9.3421242e-01
   7.4544631e-01
   5.5361274e-01
   6.3823497e-01
   7.6336185e-01
   6.3542405e-01
   7.3760647e-01
   8.0458122e-01
   5.9544465e-01
   7.0826797e-01
   7.6807340e-01
   7.4192624e-01
   8.9848923e-01
   7.2466276e-01
   7.7582177e-01
   3.9942149e-01
   5.9998674e-01
   7.9308941e-01
   7.1822636e-01
   7.0147411e-01
