   5.0000000e-02
   5.0000000e-02
   5.0000000e-02
   5.0000000e-02
   1.0000000e-01
   5.0000000e-02
   1.0000000e-01
   1.0000000e-01
   1.0000000e-01
   1.0000000e-01
   1.0000000e-01
   5.0000000e-02
   1.0000000e-01
   5.0000000e-02
   1.0000000e-01
   1.0000000e-01
   5.0000000e-02
   5.0000000e-02
   5.0000000e-02
   1.0000000e-01
   1.0000000e-01
   1.0000000e-01
   2.0000000e-01
   1.0000000e-01
   1.0000000e-01
   1.0000000e-01
   5.0000000e-02
   5.0000000e-02
   5.0000000e-02
   5.0000000e-02
   5.0000000e-02
   5.0000000e-02
   5.0000000e-02
   5.0000000e-02
   5.0000000e-02
   5.0000000e-02
   1.0000000e-01
   1.0000000e-01
   1.0000000e-01
   5.0000000e-02
   1.0000000e-01
   1.0000000e-01
   5.0000000e-02
   1.0000000e-01
   5.0000000e-02
   1.0000000e-01
   1.0000000e-01
   1.0000000e-01
   5.0000000e-02
   5.0000000e-02
   5.0000000e-02
   5.0000000e-02
   1.0000000e-01
   1.0000000e-01
   1.0000000e-01
   1.0000000e-01
   1.0000000e-01
   1.0000000e-01
   5.0000000e-02
   5.0000000e-02
   1.0000000e-01
   1.0000000e-01
   5.0000000e-02
   5.0000000e-02
   5.0000000e-02
   5.0000000e-02
   1.0000000e-01
   1.0000000e-01
   1.0000000e-01
   1.0000000e-01
   2.0000000e-01
   2.0000000e-01
   1.0000000e-01
   1.0000000e-01
   5.0000000e-02
   5.0000000e-02
   5.0000000e-02
   5.0000000e-02
   5.0000000e-02
   5.0000000e-02
   5.0000000e-02
   5.0000000e-02
   2.0000000e-01
   3.0000000e-01
   1.0000000e-01
   2.0000000e-01
   2.0000000e-01
   2.0000000e-01
   1.0000000e-01
   1.0000000e-01
   5.0000000e-02
   5.0000000e-02
   5.0000000e-02
   5.0000000e-02
   5.0000000e-02
   5.0000000e-02
   1.0000000e-01
   2.0000000e-01
   1.0000000e-01
   1.0000000e-01
   1.0000000e-01
   1.0000000e-01
   1.0000000e-01
   3.0000000e-01
   1.0000000e-01
   1.0000000e-01
   1.0000000e-01
   5.0000000e-02
   5.0000000e-02
   5.0000000e-02
   1.0000000e-01
   1.0000000e-01
   1.0000000e-01
   2.0000000e-01
   3.0000000e-01
   1.0000000e-01
   1.0000000e-01
   1.0000000e-01
   3.0000000e-01
   2.0000000e-01
   1.0000000e-01
   1.0000000e-01
   1.0000000e-01
   1.0000000e-01
   2.0000000e-01
   1.0000000e-01
   1.0000000e-01
   2.0000000e-01
   3.0000000e-01
   2.0000000e-01
   3.0000000e-01
   3.0000000e-01
   2.0000000e-01
   3.0000000e-01
   3.0000000e-01
   2.0000000e-01
   1.0000000e-01
   1.0000000e-01
   5.0000000e-02
   5.0000000e-02
   5.0000000e-02
   5.0000000e-02
   5.0000000e-02
   5.0000000e-02
   5.0000000e-02
   5.0000000e-02
   5.0000000e-02
   5.0000000e-02
   5.0000000e-02
   5.0000000e-02
   5.0000000e-02
   5.0000000e-02
   5.0000000e-02
   5.0000000e-02
   5.0000000e-02
   5.0000000e-02
   5.0000000e-02
   5.0000000e-02
   5.0000000e-02
   2.0000000e-01
